0 3 4 5 58 59 60 63 64 65 78 79 80 83 84 85 938 939 940 943 944 945 958 959 960 963 964 965 1018 1019 1020 1023
1 2 7 6 57 56 61 62 67 66 77 76 81 82 87 86 937 936 941 942 947 946 957 956 961 962 967 966 1017 1016 1021 1022
14 13 8 9 54 55 50 49 68 71 72 75 94 93 88 89 934 935 930 929 948 951 952 955 974 973 968 969 1014 1015 1010 1009
15 12 11 10 53 52 51 48 69 70 73 74 95 92 91 90 933 932 931 928 949 950 953 954 975 972 971 970 1013 1012 1011 1008
16 17 30 31 32 33 46 47 122 121 118 117 96 99 100 101 922 923 924 927 906 905 902 901 976 977 990 991 992 993 1006 1007
19 18 29 28 35 34 45 44 123 120 119 116 97 98 103 102 921 920 925 926 907 904 903 900 979 978 989 988 995 994 1005 1004
20 23 24 27 36 39 40 43 124 125 114 115 110 109 104 105 918 919 914 913 908 909 898 899 980 983 984 987 996 999 1000 1003
21 22 25 26 37 38 41 42 127 126 113 112 111 108 107 106 917 916 915 912 911 910 897 896 981 982 985 986 997 998 1001 1002
234 233 230 229 218 217 214 213 128 129 142 143 144 147 148 149 874 875 876 879 880 881 894 895 810 809 806 805 794 793 790 789
235 232 231 228 219 216 215 212 131 130 141 140 145 146 151 150 873 872 877 878 883 882 893 892 811 808 807 804 795 792 791 788
236 237 226 227 220 221 210 211 132 135 136 139 158 157 152 153 870 871 866 865 884 887 888 891 812 813 802 803 796 797 786 787
239 238 225 224 223 222 209 208 133 134 137 138 159 156 155 154 869 868 867 864 885 886 889 890 815 814 801 800 799 798 785 784
240 243 244 245 202 203 204 207 186 185 182 181 160 163 164 165 858 859 860 863 842 841 838 837 816 819 820 821 778 779 780 783
241 242 247 246 201 200 205 206 187 184 183 180 161 162 167 166 857 856 861 862 843 840 839 836 817 818 823 822 777 776 781 782
254 253 248 249 198 199 194 193 188 189 178 179 174 173 168 169 854 855 850 849 844 845 834 835 830 829 824 825 774 775 770 769
255 252 251 250 197 196 195 192 191 190 177 176 175 172 171 170 853 852 851 848 847 846 833 832 831 828 827 826 773 772 771 768
256 257 270 271 272 275 276 277 490 491 492 495 496 497 510 511 512 513 526 527 528 531 532 533 746 747 748 751 752 753 766 767
259 258 269 268 273 274 279 278 489 488 493 494 499 498 509 508 515 514 525 524 529 530 535 534 745 744 749 750 755 754 765 764
260 263 264 267 286 285 280 281 486 487 482 481 500 503 504 507 516 519 520 523 542 541 536 537 742 743 738 737 756 759 760 763
261 262 265 266 287 284 283 282 485 484 483 480 501 502 505 506 517 518 521 522 543 540 539 538 741 740 739 736 757 758 761 762
314 313 310 309 288 291 292 293 474 475 476 479 458 457 454 453 570 569 566 565 544 547 548 549 730 731 732 735 714 713 710 709
315 312 311 308 289 290 295 294 473 472 477 478 459 456 455 452 571 568 567 564 545 546 551 550 729 728 733 734 715 712 711 708
316 317 306 307 302 301 296 297 470 471 466 465 460 461 450 451 572 573 562 563 558 557 552 553 726 727 722 721 716 717 706 707
319 318 305 304 303 300 299 298 469 468 467 464 463 462 449 448 575 574 561 560 559 556 555 554 725 724 723 720 719 718 705 704
320 323 324 325 378 379 380 383 384 387 388 389 442 443 444 447 576 579 580 581 634 635 636 639 640 643 644 645 698 699 700 703
321 322 327 326 377 376 381 382 385 386 391 390 441 440 445 446 577 578 583 582 633 632 637 638 641 642 647 646 697 696 701 702
334 333 328 329 374 375 370 369 398 397 392 393 438 439 434 433 590 589 584 585 630 631 626 625 654 653 648 649 694 695 690 689
335 332 331 330 373 372 371 368 399 396 395 394 437 436 435 432 591 588 587 586 629 628 627 624 655 652 651 650 693 692 691 688
336 337 350 351 352 353 366 367 400 401 414 415 416 417 430 431 592 593 606 607 608 609 622 623 656 657 670 671 672 673 686 687
339 338 349 348 355 354 365 364 403 402 413 412 419 418 429 428 595 594 605 604 611 610 621 620 659 658 669 668 675 674 685 684
340 343 344 347 356 359 360 363 404 407 408 411 420 423 424 427 596 599 600 603 612 615 616 619 660 663 664 667 676 679 680 683
341 342 345 346 357 358 361 362 405 406 409 410 421 422 425 426 597 598 601 602 613 614 617 618 661 662 665 666 677 678 681 682
